# step  Rx Ry Rz  Vx Vy Vz   (Phase 0 基线, 原始代码, W=10 dt=0.001 N=1)
0 64 32 16 -0.00104013 -0.000159968 -0.00060462
10000 63.9686 32.0517 15.9578 0.00182053 0.0130564 -0.00159753
20000 63.9736 32.0582 15.9658 -0.00215962 0.00198192 0.00305815
30000 63.9853 31.9962 16.0399 0.0127354 -0.00943031 -0.0090409
40000 63.9104 31.9428 16.1056 0.00857535 0.00486436 0.0100628
50000 63.906 31.9401 16.0625 -0.0111595 -0.00351918 -0.000924464
60000 63.857 31.9317 15.991 -0.0135451 -0.00799815 -0.00832584
70000 63.7741 31.9427 15.9872 -0.00437115 -0.0116779 0.0144082
80000 63.7101 31.9066 15.8912 -0.013458 -0.0126241 0.000822188
90000 63.6462 31.8503 15.9251 -0.0262789 -0.0128011 0.00309658
100000 63.5867 31.7781 15.95 -0.000279966 -0.00743675 0.0169964
110000 63.6099 31.7757 15.9071 -0.00724496 0.0204152 -0.0279361
120000 63.55 31.8354 15.8447 -0.00606207 -0.00889404 -0.0147288
130000 63.5043 31.8153 15.8451 -0.000918371 -0.00780913 0.0131469
140000 63.4698 31.8133 15.849 -0.00210809 -0.000455029 -0.00328024
150000 63.4943 31.8402 15.8619 0.00417418 -0.0075371 0.0119827
160000 63.5266 31.7527 15.854 0.0191686 -0.0135366 -0.0200715
170000 63.5882 31.7131 15.8402 -0.00312086 0.00492899 0.0151909
180000 63.6327 31.7516 15.8453 0.00743707 0.00499407 -0.0224342
190000 63.5782 31.7701 15.8363 -0.00707884 0.00558652 -0.00645418
